2.307737
2.307912
2.309916
2.312022
2.318089
2.329611
2.336173
2.342314
2.348490
2.365251
2.384049
2.408601
2.438049
2.470506
2.465592
2.457996
2.415869
2.368721
2.321436
2.316758
2.323350
2.306878
2.330159
2.312524
2.265640
2.161772
2.068503
2.016629
1.990124
2.022731
1.969437
1.949379
1.880266
1.845609
1.806590
1.853699
1.895415
1.809425
1.851526
1.835159
1.793839
1.778112
1.775162
1.741728
1.769350
1.796824
1.822572
1.773906
1.825628
1.735386
1.741260
1.731000
1.742255
1.780252
1.732641
1.755822
1.723028
1.724029
1.713015
1.708854
1.712402
1.658688
1.697367
1.683402
1.702108
1.712844
1.712493
1.676138
1.689836
1.670087
1.685800
1.620806
1.671120
1.697544
1.714322
1.638757
1.664835
1.611675
1.612140
1.640145
1.649388
1.655943
1.672978
1.650644
1.648252
1.636200
1.636327
1.629400
1.596813
1.623611
1.632735
1.640157
1.637220
1.638108
1.639537
1.617800
1.635193
1.605054
1.605780
1.601490
1.624145
1.654888
1.624961
1.623899
1.633064
1.592891
1.623566
1.616456
1.598062
1.640899
1.600771
1.580908
1.615274
1.602797
1.626210
1.607877
1.616699
1.576282
1.596087
1.622978
1.602552
1.580937
1.574184
1.590726
1.592674
1.618422
1.583998
1.569220
1.581967
1.578754
1.609264
1.598308
1.603585
1.571773
1.637863
1.592852
1.611236
1.592907
1.556779
1.575226
1.581655
1.581222
1.575311
1.571920
1.596767
1.575550
1.552909
1.592971
1.555616
1.571849
1.589479
1.542245
1.553354
1.633818
1.592145
1.582308
1.540931
1.598885
1.581722
1.558912
1.546545
1.586139
1.548267
1.573257
1.558015
1.567555
1.558945
1.580708
1.544982
1.564243
1.547577
1.551499
1.556968
1.566448
1.536721
1.579896
1.572513
1.575935
1.598593
1.571546
1.554636
1.567804
1.541195
1.542645
1.551286
1.571051
1.573222
1.533755
1.547353
1.532347
1.557805
1.577348
1.585616
1.544988
1.561524
1.528972
1.544398
1.555096
1.545104
1.559590
1.528130
1.535355
1.543919
1.535750
1.549848
1.546875
1.598628
1.556071
1.556520
1.550257
1.558342
1.549541
1.559615
1.537840
1.517837
1.530193
1.581126
1.541998
1.557957
1.521611
1.529233
1.523348
1.555055
1.562499
1.520158
1.577194
1.538197
1.518095
1.553546
1.541112
1.532178
1.553026
1.518359
1.542493
1.515890
1.544887
1.551982
1.575081
1.531431
1.524052
1.536552
1.517034
1.523494
1.552566
1.531844
1.545503
1.540835
1.550962
1.543413
1.526296
1.531749
1.536682
1.519086
1.501991
1.530176
1.523131
1.552470
1.555589
1.573102
1.529900
1.535264
1.510162
1.548803
1.530655
1.513735
1.526262
1.527357
1.533980
1.552565
1.515624
1.512989
1.507834
1.516885
1.526345
1.525493
1.538266
1.552462
1.566214
1.541691
1.558565
1.520790
1.499347
1.493715
1.503189
1.535641
1.527568
1.520729
1.511069
1.546559
1.538317
1.538682
1.511281
1.520907
1.531183
1.502643
1.495938
1.522716
1.534553
1.513963
1.533998
1.505556
1.556432
1.527513
1.534495
1.546048
1.511163
1.548401
1.516220
1.515809
1.530616
1.529079
1.529022
1.499624
1.529985
1.525992
1.515646
1.535301
1.520581
1.503477
1.528248
1.520273
1.504163
1.555079
1.515641
1.512118
1.529987
1.526008
1.525003
1.500492
1.496790
1.512169
1.512747
1.526493
1.508551
1.507613
1.547876
1.531231
1.498624
1.512844
1.501308
1.545476
1.529290
1.504261
1.527355
1.499702
1.521745
1.517633
1.499510
1.502213
1.515698
1.528134
1.508197
1.526877
1.529651
1.502700
1.502984
1.548965
1.521345
1.500700
1.507866
1.526119
1.499077
1.481387
1.511516
1.523800
1.492115
1.507900
1.504566
1.511793
1.534712
1.536441
1.520253
1.510703
1.503905
1.514646
1.504683
1.516186
1.510870
1.515255
1.557503
1.500977
1.517964
1.530230
1.523698
1.510843
1.499711
1.519021
1.507603
1.509609
1.514666
1.531636
1.513175
1.498330
1.526959
1.493422
1.518902
1.506992
1.503593
1.493738
1.512582
1.499537
1.496882
1.514136
1.509215
1.523316
1.499675
1.508725
1.514769
1.508108
1.535322
1.505473
1.508610
1.501984
1.499509
1.496783
1.508140
1.517255
1.527902
1.510504
1.508572
1.508412
1.488152
1.515110
1.521971
1.505477
1.513131
1.525229
1.500779
1.509577
1.507941
1.494211
1.484165
1.497160
1.496502
1.510721
1.502856
1.518756
1.512406
1.515129
1.493806
1.507633
1.485942
1.513355
1.509132
1.506400
1.502734
1.532947
1.497303
1.523393
1.492559
1.514001
1.504840
1.478041
1.493381
1.516726
1.512019
1.495265
1.504203
1.512506
1.491855
1.529014
1.495279
1.505858
1.496152
1.503844
1.494430
1.496629
1.496805
1.516516
1.518857
1.491798
1.517938
1.504371
1.493704
1.494236
1.485132
1.496959
1.495512
1.502715
1.485951
1.522710
1.520566
1.510526
1.501268
1.488737
1.502153
1.514369
1.505093
1.495352
1.528412
1.523179
1.505212
1.516716
1.490830
1.490898
1.491172
1.499710
1.506288
1.498044
1.498173
