2.305296
2.299845
2.300966
2.290712
2.282934
2.269492
2.271942
2.237941
2.234423
2.242508
2.244574
2.238748
2.216953
2.241341
2.217458
2.199913
2.197455
2.188808
2.182830
2.133409
2.066758
2.002536
1.977656
1.948389
1.907396
1.917301
1.910257
1.850219
1.837229
1.811482
1.804562
1.794940
1.745550
1.766983
1.734267
1.733407
1.768690
1.768084
1.693788
1.771310
1.731842
1.742748
1.717909
1.695264
1.689115
1.669250
1.701926
1.693212
1.672624
1.693696
1.698116
1.655663
1.651362
1.674793
1.679068
1.698274
1.657963
1.659043
1.704077
1.672138
1.642758
1.632509
1.651030
1.707228
1.614243
1.656008
1.648821
1.677937
1.627324
1.675526
1.614161
1.629192
1.649347
1.645830
1.637799
1.660887
1.617803
1.597852
1.627609
1.639399
1.606879
1.627466
1.632627
1.621880
1.630357
1.634172
1.604154
1.579730
1.597987
1.625176
1.627120
1.633908
1.605311
1.614816
1.637863
1.579605
1.602226
1.624150
1.585788
1.585900
1.584786
1.600928
1.645484
1.600678
1.583369
1.574708
1.582618
1.595668
1.595857
1.597831
1.600269
1.581316
1.609608
1.552552
1.554540
1.564694
1.589773
1.586632
1.577013
1.591265
1.584834
1.613184
1.564768
1.576967
1.584522
1.556647
1.568220
1.553854
1.566503
1.576731
1.581043
1.574345
1.571721
1.580255
1.570155
1.560068
1.584816
1.586559
1.611153
1.540781
1.556217
1.544733
1.579056
1.561718
1.606795
1.604495
1.557320
1.567181
1.559561
1.588579
1.570771
1.551929
1.558144
1.576215
1.581868
1.543140
1.526500
1.548837
1.550225
1.543120
1.583133
1.589217
1.560974
1.548522
1.560431
1.560313
1.553613
1.542683
1.574783
1.544114
1.569876
1.563835
1.552313
1.563731
1.560289
1.543985
1.576570
1.545828
1.532059
1.550061
1.562591
1.559618
1.541177
1.538120
1.561911
1.538048
1.538982
1.525554
1.545082
1.545751
1.524934
1.564426
1.571926
1.540906
1.551979
1.548403
1.521004
1.542673
1.546240
1.557082
1.557731
1.578734
1.567773
1.540708
1.557855
1.578533
1.523894
1.535576
1.528602
1.516077
1.548935
1.532753
1.520152
1.575142
1.562289
1.545000
1.521542
1.524352
1.545902
1.532312
1.527057
1.558532
1.522033
1.521023
1.524429
1.530217
1.516277
1.515920
1.510210
1.522310
1.529181
1.537406
1.501307
1.532575
1.533823
1.536136
1.507858
1.526035
1.558916
1.538767
1.529228
1.539762
1.542577
1.517559
1.532756
1.532053
1.525668
1.549022
1.565215
1.541838
1.531913
1.541779
1.533497
1.527546
1.532222
1.522565
1.518257
1.521612
1.531841
1.536618
1.546006
1.531770
1.501620
1.527694
1.524525
1.493725
1.503833
1.505768
1.521721
1.549203
1.520618
1.525177
1.515781
1.549175
1.516330
1.534378
1.523039
1.537131
1.511279
1.508799
1.523209
1.512714
1.533517
1.507673
1.522797
1.552207
1.551415
1.508267
1.539675
1.539879
1.532994
1.515075
1.521504
1.519562
1.529236
1.507517
1.518951
1.527716
1.520827
1.506158
1.544249
1.524693
1.528126
1.539898
1.525960
1.513015
1.528960
1.531580
1.532880
1.520817
1.514184
1.514107
1.506233
1.555792
1.519724
1.524702
1.504850
1.509387
1.514085
1.528702
1.491752
1.538597
1.515861
1.506747
1.512266
1.510841
1.498714
1.526375
1.522516
1.512840
1.514702
1.505687
1.507735
1.501834
1.527177
1.507568
1.526128
1.529710
1.543894
1.494472
1.506645
1.527281
1.498449
1.509259
1.485643
1.512926
1.545855
1.514953
1.498702
1.527776
1.500894
1.491962
1.514301
1.500730
1.529146
1.512057
1.523727
1.528936
1.525593
1.526751
1.517808
1.509406
1.505143
1.523799
1.516178
1.494243
1.515800
1.499309
1.499745
1.516017
1.499414
1.537522
1.534698
1.535454
1.498732
1.501261
1.513023
1.500208
1.534003
1.532503
1.472689
1.512883
1.501716
1.502944
1.517395
1.498362
1.490413
1.523552
1.494140
1.489293
1.510625
1.517231
1.517677
1.501335
1.530444
1.502216
1.520676
1.524296
1.503154
1.525368
1.534364
1.498346
1.511269
1.492397
1.503816
1.491715
1.496843
1.527929
1.525644
1.540525
1.496221
1.520473
1.505266
1.516894
1.489284
1.534433
1.509710
1.538187
1.535455
1.523466
1.496041
1.507929
1.506238
1.500859
1.510496
1.515601
1.496341
1.512766
1.488820
1.503943
1.510938
1.503619
1.518692
1.497727
1.501159
1.509483
1.527326
1.518156
1.516361
1.508435
1.505584
1.473457
1.498181
1.504500
1.512348
1.496072
1.497107
1.503622
1.506565
1.491851
1.510361
1.536686
1.509523
1.504140
1.527496
1.483835
1.529490
1.511192
1.523296
1.507562
1.492740
1.495398
1.507456
1.507176
1.500889
1.503000
1.508825
1.511575
1.494244
1.495412
1.506117
1.506450
1.510140
1.504069
1.521689
1.514397
1.509230
1.489461
1.497922
1.517043
1.488962
1.509616
1.504308
1.490431
1.511599
1.506047
1.498620
1.488039
1.523973
1.492756
1.491789
1.500899
1.510957
1.482561
1.509493
1.493786
1.517329
1.487706
1.510641
1.509636
