2.307237
2.301518
2.298582
2.300239
2.297075
2.303377
2.299316
2.275057
2.281419
2.252113
2.268449
2.267092
2.240664
2.221403
2.229526
2.204996
2.190009
2.154659
2.146461
2.125544
2.059916
2.001807
1.990665
1.953396
1.859105
1.883844
1.872906
1.818378
1.827728
1.779265
1.761206
1.753856
1.766935
1.757011
1.727644
1.721111
1.734087
1.743845
1.703713
1.662203
1.691472
1.728747
1.722731
1.689584
1.692565
1.696843
1.674696
1.676409
1.637845
1.641905
1.649790
1.641910
1.626841
1.589012
1.638865
1.661271
1.617829
1.653389
1.640941
1.669316
1.674231
1.633392
1.635376
1.587911
1.630874
1.630652
1.603606
1.629283
1.614892
1.641324
1.629414
1.621731
1.607698
1.609620
1.608621
1.648888
1.614327
1.601256
1.651720
1.588825
1.602461
1.595554
1.616900
1.577981
1.583197
1.618200
1.593282
1.582744
1.562610
1.587280
1.590478
1.621828
1.588218
1.609240
1.591706
1.598085
1.618773
1.621446
1.542154
1.576156
1.546712
1.598311
1.579546
1.589152
1.603968
1.587400
1.580706
1.585666
1.565303
1.579618
1.542816
1.588648
1.578375
1.582980
1.538173
1.534400
1.542970
1.566903
1.576487
1.622701
1.580516
1.607027
1.551895
1.526362
1.583093
1.565898
1.583198
1.584318
1.565320
1.555154
1.595158
1.589523
1.555986
1.557424
1.561676
1.567780
1.555324
1.564251
1.584555
1.560888
1.561563
1.555707
1.527959
1.557729
1.563057
1.562230
1.546128
1.566761
1.551368
1.576173
1.575543
1.529230
1.541973
1.528585
1.568804
1.553419
1.586824
1.535194
1.522406
1.571058
1.550800
1.539552
1.563586
1.542735
1.534967
1.531349
1.570483
1.553498
1.572267
1.556102
1.526723
1.546331
1.553046
1.560189
1.541018
1.565686
1.538651
1.540870
1.579859
1.525936
1.574920
1.551750
1.552537
1.547059
1.525504
1.557990
1.526267
1.545374
1.551933
1.583526
1.511103
1.556926
1.526756
1.550243
1.524150
1.541097
1.543718
1.526581
1.540907
1.530548
1.535205
1.521202
1.556974
1.549413
1.511170
1.548028
1.596519
1.517844
1.522312
1.572770
1.552661
1.522217
1.506426
1.537968
1.556304
1.533306
1.528499
1.542217
1.513226
1.524639
1.553109
1.521148
1.528910
1.540735
1.544939
1.532581
1.538167
1.491394
1.523955
1.539828
1.547934
1.511532
1.556470
1.516539
1.542194
1.516540
1.526150
1.536824
1.518291
1.495339
1.531837
1.525312
1.543910
1.517778
1.504663
1.543247
1.503035
1.530344
1.543743
1.517230
1.511614
1.551040
1.531787
1.509386
1.512244
1.549273
1.542528
1.536004
1.517837
1.525522
1.507406
1.517021
1.519602
1.519690
1.512965
1.555707
1.524241
1.513354
1.538054
1.521575
1.524899
1.537336
1.516235
1.540814
1.527045
1.526153
1.526972
1.543190
1.520275
1.515834
1.509629
1.527498
1.501572
1.501982
1.504097
1.519251
1.503387
1.517333
1.538705
1.526079
1.530901
1.524257
1.518137
1.495106
1.522900
1.533761
1.507001
1.528641
1.521186
1.492816
1.500013
1.532453
1.506977
1.513794
1.497884
1.518666
1.507236
1.540305
1.543042
1.523733
1.516629
1.503734
1.519360
1.525833
1.498738
1.493369
1.506913
1.497189
1.520558
1.523074
1.537140
1.531407
1.515564
1.510934
1.507205
1.523842
1.511522
1.530871
1.514048
1.521504
1.517998
1.500802
1.497965
1.533834
1.511484
1.509035
1.491252
1.504908
1.490211
1.495951
1.537582
1.482009
1.505744
1.496143
1.573443
1.541621
1.519403
1.570245
1.516441
1.498920
1.507396
1.497339
1.473882
1.523987
1.522662
1.501109
1.503347
1.500708
1.518924
1.501274
1.503492
1.489897
1.496951
1.501762
1.510394
1.535601
1.509645
1.495260
1.484037
1.488329
1.506245
1.532725
1.523322
1.497248
1.508568
1.498850
1.520090
1.513454
1.505533
1.503333
1.493536
1.500105
1.516053
1.501205
1.502973
1.533395
1.503683
1.498304
1.501178
1.519629
1.507696
1.507076
1.522529
1.521610
1.492213
1.529364
1.512188
1.522579
1.504800
1.531156
1.498284
1.501882
1.499827
1.502287
1.499138
1.495807
1.504320
1.486760
1.493611
1.515964
1.483849
1.494395
1.513583
1.519256
1.523279
1.498757
1.500360
1.507157
1.497712
1.514592
1.513723
1.512150
1.486267
1.498902
1.495785
1.513240
1.490217
1.515625
1.524396
1.501025
1.504404
1.484858
1.508923
1.515990
1.496151
1.527948
1.521142
1.532213
1.485806
1.515403
1.494159
1.515121
1.496842
1.489237
1.486971
1.501501
1.504015
1.502326
1.489353
1.485126
1.504543
1.493055
1.505171
1.492258
1.517206
1.513253
1.498423
1.498362
1.517647
1.480033
1.544427
1.493835
1.500084
1.532700
1.487395
1.485319
1.495982
1.486400
1.493632
1.495004
1.490391
1.528471
1.512287
1.503485
1.486220
1.493712
1.507071
1.493635
1.493245
1.511099
1.495062
1.519599
1.502473
1.491621
1.481149
1.516377
1.493900
1.501638
1.500615
1.487333
1.487663
1.503845
1.517767
1.498210
1.504018
1.491546
1.486983
1.496761
1.497285
1.491323
