2.301338
2.302172
2.301354
2.295645
2.290895
2.292450
2.281053
2.284889
2.259155
2.252661
2.265010
2.243259
2.208713
2.226847
2.213187
2.203275
2.163791
2.122550
2.139224
2.091125
2.075397
2.012305
1.983626
1.951334
1.908264
1.896965
1.853175
1.835545
1.819057
1.798716
1.803114
1.780167
1.728928
1.766579
1.736751
1.729740
1.708913
1.730187
1.707275
1.705045
1.684856
1.714376
1.653818
1.673134
1.675403
1.663274
1.645206
1.654259
1.696530
1.663140
1.651397
1.644504
1.662407
1.668510
1.650170
1.639922
1.646906
1.636125
1.622788
1.632532
1.632977
1.629326
1.644886
1.636437
1.616172
1.625632
1.619958
1.611330
1.600627
1.633340
1.572164
1.598648
1.616847
1.596851
1.610148
1.606563
1.608119
1.623346
1.588300
1.583287
1.588960
1.599638
1.634308
1.609251
1.609160
1.606809
1.570076
1.579200
1.589571
1.557840
1.600579
1.571744
1.597338
1.579618
1.582002
1.570617
1.605825
1.579952
1.576469
1.629773
1.556208
1.595198
1.556106
1.588437
1.579149
1.566388
1.572280
1.563268
1.567268
1.546335
1.563241
1.569138
1.555729
1.538621
1.562188
1.569587
1.560655
1.585316
1.577952
1.574725
1.561580
1.564503
1.553750
1.574331
1.560500
1.561074
1.561671
1.588446
1.559769
1.557442
1.544438
1.566570
1.557494
1.528470
1.579932
1.562285
1.528417
1.547867
1.565256
1.565609
1.553784
1.548157
1.561129
1.536792
1.541002
1.548187
1.565737
1.563939
1.521087
1.558515
1.548911
1.512890
1.526219
1.539194
1.547542
1.526196
1.531746
1.560663
1.533291
1.549834
1.549025
1.540816
1.557901
1.565780
1.533987
1.530011
1.556580
1.561785
1.551740
1.532209
1.545135
1.535100
1.545202
1.563564
1.547322
1.530967
1.546339
1.556923
1.520383
1.538122
1.538554
1.523417
1.531371
1.514756
1.538816
1.560542
1.561453
1.525604
1.516958
1.553269
1.533110
1.571908
1.525985
1.519377
1.525632
1.517486
1.525995
1.539058
1.535348
1.556089
1.546957
1.531592
1.559170
1.505946
1.512566
1.535118
1.542360
1.516357
1.546060
1.538742
1.508240
1.513672
1.520358
1.518587
1.546333
1.547168
1.523649
1.534836
1.530965
1.527063
1.511964
1.505566
1.524259
1.513383
1.521289
1.514927
1.510843
1.496141
1.511462
1.523122
1.500028
1.529607
1.541916
1.545081
1.506722
1.537103
1.509172
1.533076
1.529738
1.532123
1.506873
1.527320
1.510500
1.507599
1.515362
1.518299
1.506590
1.533792
1.522837
1.509200
1.532464
1.516519
1.504667
1.508635
1.534439
1.515145
1.531607
1.520521
1.499160
1.522675
1.504670
1.511660
1.518666
1.523291
1.490977
1.516486
1.502059
1.504549
1.513632
1.530641
1.533640
1.506231
1.520758
1.524224
1.535405
1.526489
1.542873
1.497109
1.503585
1.504438
1.498277
1.494042
1.521083
1.494765
1.502394
1.536054
1.498497
1.495108
1.501924
1.504914
1.511210
1.487925
1.501191
1.507277
1.543292
1.503661
1.507479
1.510370
1.504652
1.526520
1.522943
1.507567
1.507779
1.518074
1.494344
1.510952
1.498828
1.515064
1.488286
1.504140
1.512841
1.512346
1.502836
1.501558
1.505575
1.494848
1.493214
1.529779
1.523047
1.502403
1.498242
1.554796
1.492147
1.503908
1.502018
1.521246
1.513254
1.518577
1.505025
1.504380
1.513512
1.518829
1.505103
1.508920
1.526721
1.499424
1.492963
1.502993
1.509124
1.497210
1.497959
1.502980
1.491952
1.504348
1.497170
1.491143
1.506539
1.490266
1.500807
1.525600
1.499903
1.528874
1.511939
1.499698
1.515642
1.493945
1.492532
1.498569
1.485203
1.543874
1.497188
1.525449
1.498228
1.513343
1.495333
1.500347
1.502232
1.504501
1.518226
1.507551
1.500731
1.505050
1.497691
1.481357
1.514706
1.507466
1.491167
1.518281
1.510271
1.475761
1.490532
1.494118
1.504720
1.483693
1.497588
1.494941
1.516604
1.518178
1.498194
1.504475
1.489805
1.504712
1.494661
1.520574
1.518191
1.487837
1.511208
1.474856
1.502808
1.484300
1.493530
1.516115
1.527829
1.478264
1.510631
1.502642
1.491332
1.511177
1.508387
1.507968
1.513813
1.481607
1.489896
1.484177
1.501728
1.517562
1.485812
1.512385
1.528250
1.519558
1.497463
1.501381
1.527527
1.495759
1.503900
1.485017
1.491385
1.494752
1.500753
1.484982
1.495340
1.507056
1.500747
1.498120
1.507442
1.481291
1.496897
1.496705
1.480752
1.510340
1.497818
1.485640
1.502547
1.491615
1.490372
1.487915
1.504038
1.497457
1.484817
1.493956
1.495674
1.507727
1.499321
1.491078
1.498909
1.483923
1.487441
1.487676
1.492244
1.490598
1.489418
1.504289
1.500478
1.518038
1.503042
1.487676
1.491664
1.501058
1.493953
1.497417
1.497826
1.521860
1.491059
1.500873
1.497061
1.469265
1.493416
1.484656
1.519112
1.506802
1.502176
1.509185
1.500005
1.504580
1.483335
1.470781
1.493935
1.485601
1.495957
1.493802
1.472045
1.498772
1.502509
1.506092
1.483850
1.499013
1.488682
1.499597
1.501943
1.501690
