2.303524
2.301963
2.294459
2.291752
2.290070
2.285130
2.288932
2.277791
2.282766
2.250137
2.228903
2.225628
2.202418
2.209077
2.193744
2.168154
2.191729
2.143886
2.132258
2.068826
2.044664
2.028537
1.979810
1.958572
1.898162
1.900062
1.861051
1.822261
1.798195
1.782094
1.798294
1.756713
1.789111
1.770954
1.730348
1.719669
1.711930
1.726272
1.663782
1.689187
1.712790
1.673500
1.673695
1.683442
1.634815
1.681463
1.642219
1.676997
1.680798
1.703998
1.628219
1.665547
1.646087
1.655408
1.659121
1.650154
1.642377
1.630716
1.616338
1.646520
1.638544
1.631991
1.618111
1.607738
1.601506
1.622852
1.618922
1.610156
1.618487
1.617724
1.616188
1.617037
1.620805
1.622045
1.605877
1.637067
1.578037
1.584432
1.605765
1.580743
1.576817
1.606156
1.567941
1.595296
1.581216
1.588342
1.617171
1.579926
1.594184
1.597552
1.575141
1.598313
1.621836
1.607752
1.583677
1.584806
1.548174
1.561183
1.590488
1.588566
1.567476
1.568602
1.581849
1.558874
1.577831
1.576422
1.572738
1.536895
1.568802
1.622217
1.567075
1.556536
1.568321
1.568752
1.583659
1.555111
1.562261
1.571071
1.551430
1.544174
1.547458
1.546939
1.557259
1.553986
1.533899
1.549970
1.560054
1.537936
1.562103
1.553486
1.551156
1.586582
1.551374
1.564297
1.518139
1.567371
1.543064
1.595112
1.561381
1.559330
1.579589
1.549431
1.557728
1.554089
1.563438
1.564736
1.544014
1.571332
1.547636
1.529802
1.523845
1.599798
1.544162
1.546181
1.536718
1.532468
1.555715
1.546262
1.548434
1.540737
1.551671
1.552742
1.536189
1.539399
1.546318
1.550383
1.542275
1.523528
1.523520
1.542518
1.535941
1.525108
1.548514
1.529132
1.536755
1.547360
1.523048
1.571309
1.536976
1.547656
1.521200
1.546934
1.541040
1.526038
1.520902
1.528611
1.543233
1.536078
1.550316
1.521288
1.523012
1.551673
1.516085
1.545744
1.506589
1.519414
1.548647
1.535505
1.539853
1.534062
1.515658
1.558522
1.520131
1.520364
1.515745
1.530790
1.503597
1.545000
1.529560
1.529994
1.510058
1.519571
1.506679
1.536556
1.519116
1.537647
1.517227
1.503895
1.517894
1.527830
1.507482
1.532473
1.532317
1.538408
1.559902
1.534513
1.498758
1.520202
1.498066
1.528305
1.546763
1.521585
1.510598
1.513134
1.522816
1.512089
1.538271
1.544834
1.520035
1.536989
1.525980
1.511273
1.503359
1.526340
1.521693
1.521186
1.505882
1.490661
1.499689
1.510355
1.512181
1.513042
1.522438
1.522735
1.490265
1.508968
1.507956
1.504544
1.504936
1.528008
1.515882
1.517974
1.522289
1.525755
1.525056
1.518914
1.525894
1.510058
1.502261
1.518020
1.526684
1.502585
1.532483
1.511271
1.513976
1.498240
1.514403
1.504031
1.537857
1.505674
1.497989
1.490741
1.501725
1.501254
1.509879
1.499646
1.494381
1.496838
1.520109
1.505284
1.512881
1.519827
1.522435
1.497879
1.503088
1.521590
1.499617
1.516642
1.494043
1.509778
1.502510
1.541366
1.501978
1.518329
1.504882
1.503128
1.504872
1.509771
1.512271
1.497561
1.516242
1.499542
1.506807
1.534761
1.495422
1.509846
1.513345
1.505718
1.502040
1.494465
1.501256
1.486951
1.508102
1.514852
1.488300
1.510631
1.502374
1.491543
1.509550
1.480610
1.497881
1.516394
1.506851
1.481558
1.504734
1.513478
1.510859
1.510258
1.519795
1.503783
1.493735
1.555375
1.493925
1.493284
1.501413
1.481961
1.511969
1.534905
1.503430
1.494090
1.488988
1.523344
1.485048
1.518487
1.502754
1.490471
1.487978
1.479178
1.524567
1.497833
1.485271
1.525197
1.499817
1.490289
1.506645
1.498076
1.515830
1.506810
1.494834
1.490181
1.488859
1.491033
1.488679
1.498760
1.516601
1.505014
1.491297
1.508930
1.502630
1.493918
1.482375
1.486792
1.508981
1.506909
1.496754
1.497144
1.500482
1.505157
1.506733
1.494303
1.490453
1.486585
1.489998
1.545124
1.484329
1.497412
1.498443
1.496359
1.494984
1.506306
1.492100
1.487474
1.490694
1.496044
1.499403
1.490716
1.493354
1.494067
1.496004
1.492245
1.500913
1.498720
1.500293
1.485520
1.542790
1.496209
1.493129
1.484839
1.480936
1.511836
1.487079
1.505277
1.487974
1.527506
1.500663
1.481886
1.489480
1.494701
1.492241
1.486913
1.470617
1.494252
1.482595
1.506804
1.497221
1.494120
1.503707
1.530135
1.498218
1.493822
1.496357
1.489958
1.498927
1.502989
1.501565
1.481811
1.489694
1.480395
1.477256
1.498523
1.488010
1.499367
1.504978
1.486263
1.483002
1.516102
1.501451
1.502867
1.479056
1.483023
1.492397
1.486342
1.515793
1.480514
1.494935
1.489479
1.489335
1.484055
1.481821
1.510321
1.492227
1.490895
1.501536
1.493252
1.492435
1.494890
1.489861
1.508741
1.485317
1.487876
1.498275
1.482785
1.499467
1.489788
1.521733
1.479464
1.488840
1.482155
1.496810
1.490764
1.495046
1.494520
1.486237
1.491237
1.493243
1.500200
1.516572
1.502330
1.491330
1.490054
