2.304591
2.303393
2.295007
2.289832
2.289233
2.292832
2.295922
2.284158
2.269331
2.255154
2.218351
2.229115
2.226198
2.210175
2.234261
2.239054
2.205221
2.135538
2.104143
2.077165
2.072516
2.040308
2.018508
1.917970
1.928692
1.880643
1.879926
1.813497
1.830152
1.784576
1.777303
1.776453
1.739486
1.736733
1.744003
1.732212
1.749341
1.781606
1.739662
1.712157
1.710038
1.722132
1.652361
1.693751
1.665213
1.694666
1.637030
1.689481
1.676765
1.640731
1.658368
1.657984
1.621962
1.621809
1.620331
1.644449
1.637026
1.624563
1.646783
1.637302
1.637997
1.618520
1.613103
1.637919
1.616492
1.592421
1.629137
1.638445
1.594011
1.605931
1.661037
1.645160
1.624231
1.632708
1.596386
1.626952
1.602418
1.624314
1.598926
1.613727
1.603313
1.594637
1.579875
1.621698
1.601234
1.605587
1.598612
1.589484
1.603806
1.563118
1.598666
1.587439
1.589623
1.602363
1.592010
1.567725
1.632751
1.558180
1.595374
1.572661
1.591996
1.575167
1.562963
1.580889
1.569097
1.580664
1.575107
1.589372
1.558114
1.587643
1.593656
1.565742
1.551714
1.561130
1.572461
1.587610
1.601781
1.570126
1.561648
1.545926
1.561430
1.592975
1.569728
1.549863
1.571711
1.596661
1.572668
1.593534
1.536650
1.537628
1.550112
1.553782
1.551251
1.533606
1.584191
1.561310
1.570991
1.547074
1.564252
1.555445
1.549349
1.558777
1.549108
1.534132
1.559295
1.570625
1.583223
1.559479
1.554947
1.557248
1.556392
1.538370
1.555831
1.542135
1.539156
1.554842
1.547365
1.529324
1.549511
1.530265
1.539484
1.548804
1.540781
1.530692
1.560424
1.521057
1.548757
1.532681
1.560324
1.550469
1.557961
1.579972
1.533975
1.582681
1.547038
1.524571
1.536509
1.562356
1.577829
1.532705
1.548477
1.547026
1.526950
1.562701
1.560315
1.554210
1.519430
1.547160
1.539681
1.533546
1.525637
1.531737
1.525533
1.545500
1.537876
1.547913
1.524138
1.542445
1.513759
1.553801
1.535266
1.515086
1.513744
1.539818
1.524438
1.542530
1.523418
1.543191
1.533331
1.533211
1.531697
1.566377
1.536566
1.554545
1.525843
1.534743
1.538848
1.520969
1.527848
1.531135
1.546889
1.514441
1.523347
1.517200
1.535759
1.524833
1.515661
1.569659
1.514177
1.528468
1.520455
1.514520
1.483654
1.528818
1.516269
1.525175
1.504564
1.530619
1.514453
1.503832
1.509085
1.550396
1.513358
1.551641
1.510894
1.551288
1.520294
1.529040
1.512322
1.520182
1.506868
1.540512
1.515370
1.510638
1.523254
1.540235
1.543963
1.528557
1.538070
1.540924
1.526650
1.492111
1.518412
1.531671
1.524146
1.527530
1.536717
1.537353
1.506257
1.504491
1.523916
1.528438
1.502800
1.532336
1.516037
1.525471
1.492900
1.514352
1.494072
1.510906
1.541974
1.494192
1.528839
1.518647
1.499517
1.503737
1.524807
1.525648
1.504517
1.516758
1.529885
1.521951
1.499026
1.515107
1.517399
1.518638
1.523311
1.517266
1.500817
1.521806
1.513290
1.508081
1.509322
1.528534
1.538260
1.521790
1.517065
1.503895
1.531667
1.503030
1.483557
1.494795
1.532316
1.507301
1.521414
1.525050
1.521176
1.515790
1.512514
1.506314
1.538599
1.499198
1.494137
1.493343
1.522967
1.504136
1.522547
1.489305
1.513253
1.508605
1.500515
1.488604
1.508086
1.540277
1.500197
1.518074
1.497149
1.494583
1.506006
1.499762
1.516936
1.524137
1.491964
1.516379
1.539181
1.509861
1.504235
1.512147
1.539519
1.504082
1.497909
1.495416
1.492766
1.507934
1.501257
1.492967
1.508105
1.494815
1.523569
1.493825
1.504808
1.489059
1.487348
1.502841
1.502383
1.507646
1.510023
1.530813
1.499679
1.495952
1.492861
1.525279
1.515925
1.501665
1.495897
1.503887
1.508846
1.503446
1.518680
1.515321
1.497921
1.507810
1.521312
1.500393
1.488248
1.508655
1.511528
1.506082
1.493986
1.484653
1.492946
1.493834
1.536153
1.489386
1.497236
1.500023
1.505374
1.507417
1.507706
1.497870
1.538382
1.501801
1.501730
1.486998
1.531680
1.497705
1.512343
1.517202
1.517907
1.510539
1.491784
1.502045
1.493959
1.474520
1.499802
1.502819
1.493900
1.498146
1.473717
1.527003
1.492709
1.506261
1.521825
1.494657
1.498364
1.516633
1.487206
1.509843
1.495048
1.487115
1.517113
1.499161
1.520199
1.496851
1.500212
1.501674
1.492125
1.507307
1.524698
1.500611
1.483522
1.494771
1.495106
1.486350
1.507111
1.492949
1.508863
1.508636
1.483388
1.490959
1.530316
1.475578
1.495062
1.481959
1.514408
1.481624
1.502017
1.495760
1.502696
1.485202
1.482494
1.489162
1.499092
1.498428
1.512455
1.506833
1.517263
1.490801
1.505363
1.484383
1.495664
1.493031
1.500181
1.490477
1.537671
1.486666
1.491589
1.476159
1.521433
1.489476
1.493124
1.501160
1.479276
1.483299
1.492311
1.480894
1.513882
1.514428
1.502778
1.499194
1.510432
1.480812
1.502966
1.512280
1.503393
1.509232
1.497118
1.487198
1.494233
1.490937
