2.299934
2.301570
2.298651
2.295169
2.293428
2.291592
2.286215
2.279373
2.268319
2.265115
2.243187
2.252565
2.223416
2.229379
2.216526
2.186205
2.135732
2.131129
2.115498
2.114853
2.044428
2.041835
1.971874
1.936983
1.900882
1.871795
1.899597
1.865828
1.838913
1.805055
1.766682
1.766453
1.790746
1.781141
1.714296
1.740895
1.741131
1.768451
1.735548
1.659949
1.704960
1.659349
1.726306
1.688581
1.700795
1.701502
1.665932
1.674636
1.643403
1.697293
1.667391
1.647289
1.663366
1.652617
1.658487
1.667270
1.600870
1.617922
1.635027
1.606147
1.620621
1.634492
1.620418
1.620722
1.618428
1.610821
1.611451
1.595826
1.671547
1.593612
1.631796
1.565270
1.617148
1.608107
1.600611
1.556481
1.583601
1.598463
1.591984
1.633711
1.603869
1.600695
1.593655
1.606977
1.584375
1.583666
1.593613
1.586373
1.580248
1.581955
1.577448
1.556481
1.590677
1.585183
1.583229
1.554315
1.576602
1.612845
1.564636
1.575082
1.571361
1.607183
1.601292
1.576290
1.571702
1.559903
1.601744
1.592354
1.578922
1.546752
1.595803
1.580409
1.548971
1.551294
1.570183
1.570482
1.538924
1.566760
1.562609
1.560974
1.579492
1.562255
1.565732
1.539630
1.552021
1.561173
1.532569
1.571401
1.582233
1.555066
1.568491
1.581854
1.556440
1.562907
1.554810
1.554245
1.554789
1.529242
1.537475
1.573310
1.567093
1.558546
1.555679
1.550919
1.565184
1.542105
1.576355
1.546022
1.552613
1.559296
1.574957
1.528572
1.534482
1.563538
1.539247
1.530733
1.570196
1.561589
1.533906
1.524093
1.534717
1.550258
1.537815
1.560311
1.537133
1.531046
1.526665
1.531677
1.531339
1.554938
1.543697
1.520406
1.538999
1.563025
1.535320
1.528427
1.535813
1.551629
1.526374
1.547951
1.509083
1.532590
1.570888
1.521652
1.532163
1.569317
1.534444
1.562968
1.538395
1.598364
1.537356
1.507787
1.526120
1.525581
1.551744
1.533255
1.555743
1.532676
1.524199
1.548310
1.533981
1.535746
1.518252
1.557001
1.534041
1.523680
1.522252
1.520009
1.515215
1.527990
1.554019
1.518286
1.532790
1.525312
1.543415
1.523285
1.522036
1.522148
1.525180
1.511944
1.530564
1.538129
1.529853
1.525148
1.517762
1.499552
1.513092
1.519074
1.516551
1.528075
1.533872
1.521312
1.547055
1.538558
1.514336
1.506323
1.515895
1.546090
1.504350
1.527228
1.529074
1.512791
1.521726
1.534603
1.500449
1.522689
1.529949
1.544582
1.529998
1.526926
1.525303
1.530176
1.528803
1.502640
1.525325
1.521812
1.523290
1.505008
1.484363
1.529482
1.496074
1.506525
1.504723
1.493893
1.517182
1.487002
1.531507
1.507563
1.533977
1.514653
1.507481
1.516011
1.494188
1.522321
1.525124
1.510420
1.520322
1.506920
1.493575
1.519236
1.522194
1.512533
1.521812
1.504673
1.528478
1.498095
1.513933
1.511306
1.514789
1.499775
1.493034
1.514834
1.512800
1.509723
1.495175
1.529185
1.522613
1.502217
1.532728
1.505307
1.490868
1.503724
1.506962
1.518192
1.508966
1.514357
1.541557
1.500449
1.517220
1.480971
1.504287
1.503018
1.488835
1.508986
1.502416
1.536201
1.503699
1.503537
1.506532
1.506847
1.525038
1.507666
1.525450
1.507586
1.506177
1.501985
1.501832
1.513042
1.512588
1.512293
1.512151
1.509192
1.489105
1.505610
1.497244
1.505965
1.481195
1.499315
1.511164
1.506451
1.507310
1.519484
1.508235
1.497838
1.526060
1.512090
1.492969
1.510100
1.493135
1.493089
1.507180
1.498721
1.498722
1.505688
1.497576
1.493505
1.495048
1.499947
1.516689
1.502983
1.507035
1.474197
1.514811
1.503681
1.497907
1.512488
1.507995
1.497223
1.511139
1.495938
1.486466
1.516392
1.505581
1.509276
1.513687
1.512293
1.502847
1.487599
1.506901
1.528575
1.491802
1.516406
1.500064
1.497547
1.498194
1.487984
1.474983
1.483670
1.488490
1.496056
1.510409
1.513138
1.512643
1.510310
1.502512
1.482305
1.495937
1.503669
1.497572
1.491902
1.502402
1.536255
1.500300
1.489936
1.501757
1.495187
1.489763
1.489211
1.501178
1.504626
1.522702
1.495838
1.500789
1.493627
1.511520
1.506541
1.513455
1.494184
1.485912
1.491129
1.517259
1.508088
1.511162
1.506676
1.498245
1.491183
1.479698
1.499404
1.522658
1.498111
1.514786
1.501519
1.491831
1.490075
1.480702
1.487635
1.482563
1.504367
1.509814
1.481848
1.488265
1.486780
1.513284
1.505698
1.491349
1.496162
1.517811
1.492039
1.490068
1.535081
1.483606
1.501835
1.486518
1.502643
1.478103
1.489362
1.499355
1.490511
1.483850
1.487980
1.489364
1.502166
1.479890
1.513532
1.499681
1.494294
1.510529
1.492120
1.493345
1.481516
1.485376
1.489462
1.506029
1.500399
1.519661
1.473223
1.484734
1.492786
1.500250
1.498187
1.504666
1.492295
1.486330
1.498586
1.501783
1.491603
1.490612
1.509383
1.491605
1.493782
1.496707
1.517039
1.483359
1.492038
1.502151
1.496293
1.482346
1.492643
1.494588
1.487422
