2.304202
2.302953
2.297801
2.292780
2.291821
2.287825
2.271092
2.267780
2.265608
2.247051
2.253248
2.222690
2.223670
2.221767
2.179144
2.190447
2.176761
2.148224
2.133818
2.116825
2.054874
2.057601
2.008379
1.936692
1.926642
1.893945
1.868269
1.857236
1.838841
1.806492
1.761561
1.751255
1.786759
1.746480
1.752866
1.735017
1.712872
1.726625
1.715724
1.704232
1.685984
1.725030
1.705915
1.672935
1.689637
1.665697
1.646027
1.643691
1.665876
1.661361
1.612714
1.599464
1.634566
1.681613
1.637555
1.674150
1.628465
1.613898
1.634778
1.622343
1.665913
1.621034
1.595480
1.635841
1.658203
1.637740
1.613727
1.617055
1.586245
1.630481
1.609097
1.629987
1.579171
1.596522
1.592254
1.599327
1.638817
1.612930
1.588353
1.601371
1.618226
1.561210
1.599901
1.564889
1.567232
1.617063
1.583342
1.600834
1.593960
1.593025
1.614061
1.589250
1.580710
1.551029
1.584718
1.576157
1.556839
1.596039
1.589693
1.563129
1.561361
1.550753
1.582925
1.575599
1.550926
1.603179
1.589653
1.561804
1.577645
1.565095
1.568384
1.587964
1.570376
1.596926
1.554423
1.557988
1.539080
1.584572
1.580396
1.573955
1.579370
1.540923
1.550930
1.553041
1.534016
1.591529
1.561344
1.570823
1.551424
1.560990
1.557841
1.594784
1.548102
1.580253
1.563994
1.535455
1.564741
1.578135
1.537304
1.573745
1.530934
1.549260
1.550804
1.555790
1.540021
1.546443
1.543836
1.542676
1.551930
1.544070
1.552188
1.519632
1.549882
1.539152
1.539846
1.543702
1.532170
1.550616
1.542607
1.542583
1.533864
1.563263
1.554911
1.514290
1.558730
1.521841
1.538174
1.536731
1.535282
1.565765
1.542016
1.557886
1.546301
1.555624
1.554319
1.538272
1.536540
1.524900
1.550243
1.508086
1.539112
1.537345
1.540721
1.533507
1.548050
1.529622
1.549269
1.514773
1.532394
1.566798
1.544561
1.530029
1.523358
1.536552
1.530981
1.534200
1.539518
1.528175
1.524712
1.541562
1.528732
1.511773
1.526190
1.538899
1.521421
1.507053
1.530662
1.539386
1.523353
1.529035
1.541527
1.515663
1.526705
1.524084
1.540060
1.529665
1.512610
1.508231
1.529699
1.502521
1.530244
1.524341
1.533311
1.528477
1.530354
1.541857
1.538789
1.493948
1.532508
1.526907
1.536187
1.513175
1.528798
1.502036
1.536137
1.516773
1.528986
1.539462
1.525280
1.525916
1.527034
1.509132
1.529490
1.521721
1.516847
1.502057
1.529123
1.524407
1.514648
1.506379
1.504829
1.515123
1.503260
1.490997
1.498897
1.520137
1.525095
1.502363
1.533343
1.544569
1.513199
1.503102
1.504624
1.495172
1.522745
1.538640
1.531260
1.510606
1.496941
1.532936
1.495978
1.507649
1.520257
1.497409
1.509107
1.487596
1.497905
1.486561
1.504235
1.534749
1.491892
1.491910
1.509573
1.532058
1.504307
1.524436
1.513883
1.494183
1.543000
1.508904
1.504498
1.513929
1.504104
1.511570
1.524700
1.509338
1.530326
1.505976
1.540415
1.516961
1.506773
1.492863
1.512270
1.536997
1.516535
1.516045
1.504179
1.513537
1.526751
1.529047
1.522304
1.513167
1.505271
1.481003
1.511605
1.496797
1.508917
1.520051
1.497745
1.496375
1.503798
1.507236
1.511347
1.491869
1.515708
1.504991
1.490657
1.509291
1.488310
1.540693
1.500878
1.518604
1.503824
1.497651
1.490585
1.493977
1.509987
1.502352
1.500554
1.502834
1.502273
1.496707
1.495533
1.504934
1.494029
1.507460
1.512716
1.507108
1.522208
1.494376
1.503460
1.491936
1.500857
1.505868
1.493467
1.489914
1.533696
1.514610
1.504624
1.506292
1.507313
1.508582
1.488234
1.493992
1.504273
1.501384
1.495881
1.510299
1.515777
1.502604
1.486451
1.537371
1.509665
1.504817
1.491838
1.491478
1.489209
1.495252
1.490793
1.482248
1.507460
1.505942
1.505792
1.500535
1.492596
1.501658
1.498497
1.499107
1.496784
1.498209
1.488528
1.502191
1.507744
1.483432
1.513636
1.484071
1.515320
1.490935
1.511788
1.510009
1.483585
1.530652
1.514892
1.512995
1.487209
1.497028
1.492268
1.496608
1.485759
1.482429
1.507573
1.509424
1.506200
1.482339
1.495163
1.508976
1.484697
1.495796
1.506185
1.518521
1.496719
1.503470
1.490719
1.505174
1.483486
1.503943
1.482964
1.492325
1.525586
1.484432
1.493554
1.493435
1.486688
1.506743
1.514995
1.490167
1.517227
1.497776
1.513954
1.506951
1.485084
1.501923
1.495903
1.479750
1.512908
1.491787
1.493342
1.498475
1.479646
1.482391
1.499534
1.486796
1.500153
1.518426
1.479747
1.485443
1.482721
1.475620
1.510243
1.474817
1.483582
1.489204
1.493431
1.493146
1.500235
1.481789
1.521221
1.492395
1.524533
1.481580
1.487682
1.486204
1.495689
1.489225
1.523683
1.507326
1.499730
1.485844
1.498612
1.508243
1.502426
1.484548
1.517627
1.492461
1.507328
1.484901
1.495447
1.488522
1.494978
1.508230
1.478976
1.499445
1.491039
1.514006
1.483888
1.518469
1.496951
1.505877
1.489826
1.503811
