2.301376
2.301018
2.300909
2.294010
2.291437
2.296308
2.278528
2.271468
2.267044
2.236681
2.247088
2.240318
2.213628
2.193988
2.203467
2.171158
2.150503
2.154926
2.141464
2.095830
2.102015
2.033832
1.997542
1.940804
1.953983
1.897888
1.848626
1.821610
1.789418
1.768385
1.788669
1.776768
1.776814
1.766502
1.770683
1.714040
1.697788
1.777090
1.710108
1.700894
1.694505
1.680874
1.671784
1.670696
1.651351
1.689359
1.652179
1.630281
1.695875
1.651912
1.657168
1.670083
1.637182
1.650848
1.650807
1.646844
1.679334
1.650145
1.660818
1.626507
1.641570
1.637107
1.607436
1.632398
1.634932
1.621688
1.622489
1.627485
1.645569
1.584196
1.570713
1.606072
1.603154
1.605577
1.614383
1.630423
1.616334
1.612369
1.615051
1.615188
1.594771
1.589868
1.594359
1.590179
1.597098
1.571148
1.598441
1.622963
1.612091
1.571658
1.569146
1.604030
1.585327
1.574093
1.582461
1.574392
1.575466
1.602676
1.545399
1.593219
1.590558
1.554010
1.591378
1.590128
1.555806
1.570573
1.557870
1.549017
1.565078
1.559662
1.565406
1.581549
1.584118
1.600324
1.584713
1.576522
1.574936
1.582111
1.576861
1.540521
1.555263
1.536322
1.580006
1.551861
1.563071
1.582698
1.596803
1.575037
1.574196
1.550053
1.541660
1.577930
1.580171
1.564749
1.564932
1.555326
1.560044
1.556292
1.548753
1.528446
1.582118
1.523852
1.540604
1.555142
1.532634
1.540303
1.538895
1.526869
1.567751
1.523440
1.585891
1.526377
1.557696
1.541371
1.566406
1.537382
1.540508
1.523990
1.556285
1.557952
1.552177
1.553059
1.550426
1.539970
1.553298
1.534318
1.538196
1.543676
1.523033
1.538655
1.550166
1.543897
1.547340
1.578953
1.538990
1.522099
1.534134
1.534549
1.544225
1.554186
1.538963
1.566591
1.539817
1.528711
1.524146
1.515553
1.538718
1.544129
1.541755
1.535770
1.538564
1.524699
1.518113
1.539201
1.517422
1.518143
1.548008
1.562961
1.517103
1.521954
1.525715
1.535599
1.535022
1.525451
1.520193
1.512767
1.562485
1.542374
1.538425
1.527742
1.516340
1.527914
1.533146
1.520583
1.512052
1.534312
1.526414
1.519729
1.513348
1.532773
1.519438
1.540676
1.518299
1.547578
1.531654
1.530495
1.525778
1.580639
1.516174
1.510399
1.530727
1.524258
1.508717
1.526950
1.518692
1.511403
1.519272
1.527218
1.544122
1.518101
1.541336
1.513477
1.520165
1.511777
1.521825
1.518430
1.527326
1.546990
1.514020
1.561546
1.505694
1.496917
1.511611
1.514635
1.537715
1.489230
1.519188
1.512239
1.530168
1.516596
1.519592
1.503006
1.512087
1.516955
1.522922
1.527418
1.532869
1.505933
1.519333
1.538203
1.533031
1.499886
1.506246
1.515865
1.514326
1.492002
1.527095
1.510708
1.514099
1.514727
1.511354
1.522057
1.503792
1.493139
1.482178
1.518198
1.517145
1.513199
1.512868
1.524399
1.526403
1.488551
1.516174
1.530985
1.520176
1.520311
1.508691
1.498121
1.514222
1.519794
1.493537
1.514678
1.521637
1.554757
1.525976
1.493168
1.516890
1.510436
1.519945
1.498389
1.499907
1.520548
1.502106
1.511430
1.518113
1.519673
1.515820
1.507016
1.511368
1.506585
1.520235
1.503941
1.500953
1.488653
1.490609
1.509166
1.492484
1.534338
1.506364
1.514443
1.519530
1.496157
1.519179
1.501997
1.506466
1.495131
1.500297
1.530391
1.493502
1.512365
1.507153
1.524059
1.508360
1.501405
1.505395
1.510052
1.493821
1.490826
1.495299
1.496744
1.484004
1.507788
1.507172
1.530817
1.512125
1.495125
1.519369
1.515938
1.520187
1.496816
1.491379
1.512164
1.490626
1.509447
1.515062
1.498436
1.495420
1.502714
1.488468
1.500023
1.511111
1.521268
1.511533
1.505662
1.487415
1.512297
1.529224
1.493541
1.511295
1.500439
1.486905
1.513912
1.508761
1.499216
1.506293
1.505247
1.483142
1.522504
1.503971
1.505696
1.509915
1.491607
1.493499
1.499864
1.488232
1.494742
1.487616
1.494521
1.502056
1.509078
1.495061
1.495050
1.504493
1.494900
1.525580
1.503863
1.510667
1.484274
1.493073
1.511497
1.486429
1.485425
1.513959
1.516669
1.527430
1.489928
1.500432
1.543847
1.511585
1.493833
1.484386
1.492400
1.502280
1.510331
1.494249
1.508524
1.507588
1.511707
1.508980
1.483842
1.499496
1.488814
1.504132
1.491424
1.490937
1.504286
1.499649
1.488961
1.485218
1.489304
1.496960
1.500683
1.519895
1.511748
1.481677
1.507321
1.498904
1.499121
1.510293
1.507605
1.500307
1.491885
1.500550
1.488238
1.510667
1.501215
1.505747
1.489073
1.490432
1.511790
1.497330
1.492811
1.483867
1.502026
1.484437
1.500798
1.482932
1.490422
1.494439
1.504483
1.492951
1.495349
1.499301
1.508195
1.498301
1.515482
1.509691
1.482853
1.492247
1.480250
1.500871
1.511166
1.486499
1.495091
1.489618
1.485997
1.503565
1.506225
1.508693
1.501299
1.510764
1.483652
1.503574
1.510701
1.481761
1.502603
1.491339
1.500519
1.498255
1.510929
