2.306144
2.306887
2.310569
2.316183
2.322189
2.328590
2.335457
2.341083
2.342531
2.326397
2.287854
2.255630
2.235513
2.215419
2.192919
2.183601
2.188902
2.185880
2.167750
2.130036
2.067744
1.988664
1.879265
1.833693
1.821492
1.809859
1.807369
1.778411
1.748894
1.714796
1.715021
1.703416
1.704976
1.702471
1.731435
1.691180
1.683509
1.613672
1.644574
1.627998
1.623847
1.617061
1.624411
1.634301
1.628248
1.591138
1.569180
1.568060
1.601759
1.582491
1.588263
1.577635
1.598278
1.559883
1.590896
1.577488
1.526400
1.551053
1.528228
1.545850
1.558723
1.557958
1.583589
1.552051
1.561616
1.581614
1.557866
1.561176
1.574644
1.576244
1.548239
1.531820
1.543946
1.559228
1.535468
1.548037
1.540646
1.556811
1.535460
1.563550
1.526073
1.534803
1.539135
1.542960
1.532067
1.551748
1.535435
1.540681
1.515457
1.540700
1.540130
1.528426
1.520054
1.539248
1.533080
1.530772
1.538743
1.521702
1.532023
1.517181
1.558533
1.515370
1.503840
1.514767
1.521401
1.522735
1.533069
1.508587
1.536099
1.524406
1.511633
1.521846
1.535457
1.546202
1.523939
1.504314
1.527730
1.506304
1.525914
1.502541
1.510545
1.498616
1.530963
1.519694
1.516973
1.516880
1.502888
1.529325
1.519164
1.526526
1.520154
1.513319
1.535567
1.532030
1.497226
1.508956
1.513782
1.499853
1.508416
1.514856
1.498668
1.491380
1.524133
1.527730
1.530613
1.507375
1.533208
1.540152
1.504454
1.512180
1.524124
1.509050
1.514196
1.510630
1.497853
1.500561
1.506945
1.489801
1.512484
1.511231
1.526650
1.524076
1.511509
1.519561
1.484354
1.525354
1.511191
1.509404
1.511939
1.504178
1.509830
1.486724
1.509367
1.516643
1.519747
1.508107
1.507228
1.511457
1.494404
1.504346
1.505140
1.493690
1.496295
1.520062
1.513462
1.489486
1.516132
1.505562
1.497823
1.505516
1.501286
1.491045
1.494569
1.518137
1.505117
1.498951
1.489891
1.521268
1.504121
1.497462
1.502073
1.489224
1.503251
1.503310
1.496010
1.516397
1.490610
1.493722
1.503120
1.507138
1.506027
1.519604
1.511834
1.497169
1.505469
1.501233
1.491219
1.507256
1.501931
1.488221
1.489253
1.507914
1.487759
1.485133
1.485195
1.487519
1.491167
1.520818
1.486669
1.506224
1.502679
1.493482
1.523591
1.502128
1.504791
1.499909
1.499487
1.492354
1.482469
1.495982
1.514353
1.483515
1.489605
1.495394
1.495473
1.499250
1.490194
1.495469
1.484722
1.510814
1.486694
1.494459
1.505905
1.496338
1.486364
1.498539
1.487265
1.506566
1.500403
1.491720
1.490918
1.485573
1.496032
1.494637
1.490616
1.514720
1.492899
1.480012
1.496698
1.500794
1.512470
1.515756
1.490778
1.497087
1.497553
1.483095
1.486436
1.493557
1.482730
1.483799
1.483498
1.506152
1.491988
1.490965
1.498143
1.487318
1.497419
1.499890
1.483982
1.482782
1.493312
1.484716
1.495392
1.496319
1.494524
1.505324
1.483779
1.486585
1.500092
1.493684
1.492718
1.492538
1.483368
1.475649
1.482176
1.490231
1.489331
1.493872
1.490149
1.491011
1.478384
1.485099
1.496169
1.484029
1.500826
1.524019
1.494527
1.501966
1.507595
1.488185
1.487720
1.487265
1.490365
1.497865
1.483782
1.486088
1.482453
1.489211
1.481340
1.493985
1.486748
1.484495
1.488123
1.492504
1.488034
1.509041
1.476853
1.481817
1.505365
1.480501
1.478002
1.470746
1.490870
1.482102
1.488430
1.511631
1.520248
1.482523
1.486857
1.487467
1.496100
1.499913
1.484744
1.478892
1.488653
1.499312
1.481868
1.471822
1.480414
1.481791
1.485895
1.477099
1.470898
1.473486
1.477097
1.493716
1.511866
1.485678
1.496141
1.484838
1.479161
1.502443
1.486701
1.481243
1.489162
1.490034
1.487554
1.476307
1.498075
1.497512
1.482032
1.481765
1.477761
1.477426
1.488302
1.498694
1.480306
1.487368
1.484878
1.482810
1.485410
1.500518
1.488444
1.484051
1.480812
1.495865
1.506687
1.498608
1.478785
1.482161
1.495198
1.498459
1.491444
1.476403
1.474706
1.485792
1.482380
1.484388
1.495038
1.493947
1.472254
1.483877
1.483762
1.490406
1.479810
1.474150
1.494126
1.470772
1.491773
1.492020
1.485558
1.485736
1.476653
1.497882
1.482153
1.477045
1.510089
1.482989
1.489332
1.472797
1.487291
1.511006
1.482377
1.480873
1.484800
1.496905
1.485219
1.477769
1.484857
1.473098
1.479738
1.471155
1.492269
1.475585
1.486934
1.482042
1.482694
1.479348
1.479623
1.476501
1.493065
1.484695
1.478926
1.494556
1.475268
1.481924
1.490148
1.486531
1.485877
1.498432
1.501305
1.495000
1.489686
1.487971
1.474494
1.484655
1.477917
1.477562
1.476045
1.470475
1.482697
1.471646
1.489544
1.484601
1.476238
1.484763
1.495011
1.486499
1.480207
1.477871
1.486984
1.477754
1.484058
1.483569
1.481352
1.470526
1.479743
1.482453
1.484332
1.493717
1.473437
1.486076
1.491873
1.476532
1.479727
1.470681
1.486659
1.478575
1.488583
1.478092
