2.308388
2.306821
2.307741
2.315157
2.319608
2.325238
2.329973
2.325275
2.338156
2.344481
2.356117
2.351860
2.327814
2.309829
2.308975
2.267613
2.258122
2.242234
2.219560
2.201153
2.203814
2.133751
2.100277
1.982369
1.894169
1.853539
1.850952
1.842757
1.852233
1.827441
1.798986
1.778359
1.758921
1.747202
1.738383
1.754663
1.746167
1.757805
1.728702
1.741777
1.729005
1.723286
1.744451
1.717877
1.709841
1.708225
1.695250
1.713859
1.707820
1.672272
1.700287
1.685871
1.726896
1.714370
1.673963
1.687967
1.732325
1.716345
1.697301
1.727650
1.678239
1.665345
1.661104
1.647726
1.654042
1.637955
1.665485
1.687558
1.698878
1.680207
1.674691
1.630590
1.653426
1.657282
1.647519
1.675001
1.658265
1.629505
1.646737
1.626749
1.633881
1.625553
1.621111
1.597590
1.604017
1.628626
1.623537
1.645150
1.596441
1.642331
1.608832
1.608318
1.592891
1.581053
1.587731
1.590373
1.619770
1.597515
1.583807
1.601785
1.582465
1.559712
1.594422
1.579803
1.556871
1.579159
1.572239
1.600001
1.599443
1.582789
1.579981
1.573908
1.581873
1.588022
1.556434
1.538023
1.582041
1.587749
1.563030
1.610798
1.557824
1.558283
1.585654
1.560700
1.557264
1.558875
1.537892
1.594910
1.558962
1.549801
1.551728
1.548146
1.557841
1.560801
1.537116
1.573855
1.541736
1.574241
1.557728
1.541448
1.554788
1.562425
1.538666
1.561593
1.552192
1.537598
1.559627
1.548958
1.546171
1.535300
1.537684
1.578092
1.523597
1.533870
1.558916
1.560742
1.536155
1.527377
1.551080
1.548408
1.553594
1.537225
1.543074
1.531139
1.533998
1.533331
1.541032
1.552608
1.544072
1.543724
1.552979
1.537769
1.543468
1.523306
1.525555
1.554193
1.522767
1.519387
1.521759
1.542168
1.542440
1.535715
1.549936
1.539927
1.532848
1.539786
1.535198
1.531251
1.532424
1.540395
1.519279
1.518263
1.531468
1.539349
1.524146
1.510610
1.532866
1.530840
1.532547
1.541388
1.520929
1.542688
1.519814
1.512244
1.515857
1.529619
1.540149
1.512389
1.525926
1.534796
1.558727
1.540872
1.519603
1.523411
1.525883
1.508133
1.509928
1.517412
1.537902
1.524115
1.538468
1.531411
1.518196
1.525151
1.525837
1.517777
1.552527
1.497585
1.524543
1.499191
1.512494
1.508773
1.522209
1.514195
1.525426
1.549258
1.527741
1.517167
1.503809
1.497880
1.503074
1.525091
1.516386
1.516915
1.524266
1.516292
1.509930
1.514716
1.556199
1.513023
1.544399
1.531311
1.503333
1.513057
1.522452
1.520314
1.513688
1.526035
1.500618
1.514734
1.532858
1.550059
1.505628
1.499985
1.508314
1.514430
1.513655
1.529615
1.508906
1.508361
1.493794
1.512691
1.508072
1.496708
1.522126
1.493746
1.520942
1.537676
1.513241
1.499197
1.512986
1.508360
1.500971
1.525741
1.512778
1.509889
1.502444
1.500489
1.520411
1.541321
1.504534
1.512387
1.518844
1.510524
1.505448
1.529559
1.532140
1.524771
1.498559
1.518991
1.503340
1.511176
1.501906
1.490548
1.528705
1.510871
1.511982
1.498437
1.511617
1.513294
1.517318
1.517405
1.528211
1.504843
1.514876
1.503836
1.517438
1.499921
1.504544
1.492341
1.493977
1.515644
1.509996
1.514732
1.521150
1.508607
1.518441
1.510301
1.497856
1.512937
1.499151
1.492347
1.521420
1.500510
1.504914
1.521678
1.497588
1.490137
1.497834
1.499883
1.491994
1.493834
1.523414
1.506400
1.507358
1.493824
1.484529
1.491167
1.512909
1.488612
1.489479
1.512327
1.504043
1.493913
1.515860
1.520942
1.505300
1.513885
1.488013
1.494301
1.485117
1.521610
1.496616
1.516827
1.523329
1.527857
1.535679
1.511850
1.511022
1.509727
1.482387
1.495602
1.503245
1.494425
1.501577
1.501492
1.502643
1.492536
1.527594
1.543915
1.488618
1.502268
1.506661
1.505887
1.488173
1.502594
1.491094
1.496019
1.483924
1.510008
1.496933
1.490438
1.502664
1.496091
1.500009
1.502376
1.509413
1.482814
1.482845
1.498866
1.490378
1.515045
1.509199
1.515487
1.496795
1.515810
1.512315
1.512481
1.516467
1.500849
1.499050
1.501102
1.479557
1.495045
1.518920
1.502771
1.490821
1.522218
1.505705
1.486654
1.485351
1.508343
1.499819
1.525288
1.503136
1.504367
1.491149
1.510490
1.497216
1.490569
1.503215
1.499560
1.480648
1.498452
1.494098
1.498093
1.503165
1.480713
1.491369
1.496525
1.505585
1.491310
1.496109
1.476229
1.491496
1.495394
1.502861
1.496166
1.526790
1.516523
1.493132
1.506299
1.498610
1.477779
1.483066
1.486339
1.490299
1.507414
1.498975
1.526527
1.506392
1.501165
1.503629
1.490262
1.509668
1.503014
1.487605
1.495032
1.474967
1.486407
1.502094
1.497065
1.502297
1.502439
1.501629
1.503758
1.480650
1.486946
1.490141
1.478502
1.491992
1.488932
1.500362
1.496009
1.494747
1.503223
1.486435
1.488243
1.492082
1.494016
1.489377
1.489764
1.499140
1.476984
1.484445
1.502254
1.492572
1.476121
1.494002
1.490480
